13.459	82.83	23.23
12.542	81.712	23.122
11.546	81.89	21.995
11.397	82.988	21.465
11.74	81.685	24.443
12.815	81.107	25.8
13.304	76.65	26.884
12.218	77.532	27.304
11.06	76.742	27.879
11.022	75.512	27.695
11.76	78.281	26.056
13.153	79.155	25.299
-34.683	48.263	43.646
-33.997	49.53	43.913
-34.829	50.797	43.898
-36.037	50.849	43.733
-32.829	49.678	42.916
-33.275	49.564	41.147
-33.025	52.464	37.669
-31.971	52.007	38.53
-31.642	50.547	38.331
-30.709	50.075	38.978
-32.142	52.251	40.022
-33.612	51.54	40.736
17.737	73.52	9.02
18.669	73.085	10.077
19.747	74.16	10.288
19.92	74.938	9.349
19.421	71.86	9.535
18.646	70.235	9.589
18.284	67.714	13.303
19.436	67.773	12.391
20.647	66.978	12.853
20.941	66.772	14.033
19.759	69.237	12.197
18.303	70.128	11.605
65.931	40.911	32.854
65.302	41.248	31.584
66.332	41.648	30.537
67.553	41.729	30.74
64.291	42.383	31.857
65.036	43.979	32.268
64.657	47.952	30.508
63.676	46.891	30.597
63.314	46.637	32.044
62.193	46.172	32.274
64.068	45.624	29.849
65.516	44.746	30.432
